 x= [1,1,3,4,5,6,8,1,1,3,4];
 nx=-6:4;
 y=